theta0 = 7702.521893346834
theta1 = -0.013562277812954384
